0
0
0
0
0
0
0
0
0
0
0
0
0
0
0
0
0
0
0
0
0
0
0
0
0
0
0
0
0
0
0;37
0
0
0
1;2
0
0
0
0
0
0
0
0
0
5;7;10;12;19;20;30;21;24;28;23;44
0
0
0
0
0
36
36
36
36
36
0
0
35;9;28
36
36
36
36
36
9;16
9
9;11
9
9;11;12
9;48
9;48
9;17;33
9;5
8;15;21;1
8;15;16;21;28;33
8;25;15;35;18
8;9;28
8;23;27;30
8;23;27;30;1;21
7;9;14;35;34;28;16;31
7
7
7
7
7
7;9;12;20;28
7;13;18;35;11;14;37
7;21;29
6;15;19
6;11;18
6
6
55
5;24
5;24;1;21
5;24;1;21
5
5;6;7;3
5;7;10;12;19;20;30;21;24;28;23;44
5
48;28;15;8;16
4;26;2;36;12;33;21
4;34
4;27;29;24;19;30
4;33;1;21;17;29;10;20;48
4;13;18;32;5;33;30;21
37
37
37
37
36;37
36;33;17;9
0
36;28
36;25
36
36;29;32;19;1;12;24
36
35;13
35
35;33
35;3
35;11;30
34;18;25;13;35;14
34
34
34
34;14;21;16;22;5;1
34;14
34
34
34;6
33;9;48;60
33;12;4
33;12
33;23
33
33;17
33
32
31
31
31
31
31
31;37
31
30;2;3;19
3;13;11;7;9;18;35;6;34
3;14;11;35;9
3;6;34;19
3;6
3
3
3;35;17;8;27;30;13
3
3;25;6;34
3;6;34
3
29;17;20;24
29;33;6;3;22
28
28;12;33
28;23;7;15
28;36
28;21;29;35;34;2;31;1;24;2
28;13;10
28;10;13
28
28
28
27;29;24
27;16
26;25;21;27;14
25
25
25;7;33
25;35;26
25
25;3;20;6
25
25
25;21;26
25
25;3;20
24;10;12;21
24
24;2
24
24;1
23;28;1;20;10
22;30
21;30;1
21;4
21
21;1;10;12
20
20;25
2;16
2;6
2;3;19;30
2
2;37
2;37
18;15;35;11;13
18
18;11;35;13;25;14
18;11;35;13;25;14
18;17;31
17
17
17
17;1;21;27;8;30;9;32
17;19;27;8;1;21
17;18
16;28;9
16;8;9;28;20;4
16
16;27;20;25;14;13;22
16
16
16
16
15;18;14;31
15;25;24;22;16
15;1;20
15
15;13;17;8;28;10
15;28;34;31;14
15
15
14;25;13;16
14
14;16;34
14;16;34
14
14
14
14
14
14
14
14
14;34;35
14;34;35
14;33;21;16;34
13;16
13;22;25;28
13;22;25;28
13
13;10
13;31
13;11;31
13;11;18;35;37
12;55
12;8;9;17;33;16;48;28;60
12
12;5
12;33;9;22;13
12;21;28;34;24;31;8;16;35;29
11
11;14
11;16;31
11;35
11
11;15;18
11;10;23;18;5
11;15;18;35
11
11
11;31;25;2;5;1;24;21;18
10;5;28
10
10;19;20;23;30;33
1;8;15;16;21;28;33
1;21;24
1
1
1;21;34;18;25;13
1;29;12;24
1;23;21;11
1;29;20;5;33;10
1;21
1;2;27;12;8;23;21;34
1;33;3;43
36
36
36
36
0
0
0
0
0
0
0
0
0
0
0
0
0
0
0
0
7;28;22;21;1
1;10;19;20;21;29
30;33
5;33
30
33
30;5;33
5;30
21;1;20
22;28;21;1
5;30
33
5;30
7;22;28;21;1
7;22;21;1;11;28;13
21
1
13
7
9;31
18;25
3;11
14;35
22
28
11
28
7
7;28
7
28;22;1;21
1;22;11;20;10;19;28;29;17;21
36;28;33
11;35
13;22;28
21;19;1;22;7;13
28
7
9;31;35
1;21
7;20;10;22;21;11;31;1;35;9;19;28;29
28;10;29;2;22;15
30
5;6;12;15;28;33
25;28
28;30;23;27;25;22;21
24;12;56
30
6;25;13;35
34;35;25;9;6
9;25;13;18
34
9
0
0
0
0
0
0
0
0
0
0
0
0
0
0
0
0
0
29;10
29;10
29;10
30
1;5;6;7;9;10;11;13;14;15;16;18;19;20;21;22;24;25;28;29;30;31;32;33;34;35
40
0
20;31;34;15;30
1;5;6;7;9;10;11;13;14;15;16;18;19;20;21;22;24;25;28;29;30;31;32;33;34;35
7;14;5;29;32;24;11;22;19;9;16;1;18;10;28;21
20;13;35;33;25;30;15;34;31;1;18;16;10;28;21
31;25
21;10;29;35;15;16
14;13;7;6;34;9
5;28;33;29;24;30
21;13;24;33;21
1;20;29;19
5;28;33;30;24
1;20
21;32;10
11;7;16
28;19;24
15;11
25;9;31;18
28;24;32;21;30;5;33;19;10;29
30;33;10
25;33
11;18;6;14;16
7;34
15;29;21;20;1
28;7
1;21
9;25;14;16;6
15;31;34
35
11;15;14;31;34;7
5;30
21;1;20;29
33
19;21
10;28
33;24;30;5
21;1;20
35
14;7;34;13;15
30;29;5;21;33;19;1;20;10;33;2
21;33;2;32
32;2
35;25;9;31
33;21
19;28
5;30
33
1;21;20
1;21;20
1;21;20
1;21;20
33;24
1;5;6;7;9;10;11;13;14;15;16;18;19;20;21;22;24;25;28;29;30;31;32;33;34;35
20;55
20;55
21;20;2;32
21;20;2;32
2;21;32
31;25
34
5;14
32
18
0
9
0
21;4;34
33;31;35
1
11;4;29
19
0
0
19;24;23;20;12;31
11;33;3;35;14;31;34
0
6;25
0
0
28
60;28
11;35;14;3;33;34;31
29
23
15
0
0
0
31;4;6;7;3;5;24;2;33;16
28;14
31;32;35;6;33;20;12;2;34
8;1;26;21;10
7;1
3;6;25;34
6;9;14;13
11;14;35;9
34
34
18
0
23;13;32;5
0
20;34
18
60;28
55
28
36;28;60
28;37
2;5
43;2;33
37;12;13;31
33;7;31;35;16
33;4;16
4;28
33;12;16;5
37;12;31;13
0
0
28
0
28
4;28;16;20;14;34
60;28;37
0
0
0
16;34;13
0
0
2
0
0
0
3;31;22;2;12;27
7;6
32;25
0
12;8;15;31
36;25;4;12
2;36;26
20;36;25;28
36;4;28;25;20
34;36
36;34;31
36;33;34;31;9
34
16;36;4;21
4;36;34;31
0
11
0
0
0
2;31
28;20
16
34
0
30;36
0
0
0
33;16
5;33;27;23;28
29;28;33;31;27
60;13;31;34;35;24;1;21;8;2;28;29;12;10
57;14;60;31;34;35;18;27;29;10
31;34;35;18;60;27;24;1;21;8;29
11
1;4;31;16;29;5;21;34;24
0
3;22
3
15;36
36
23;22;20;27;15;16;25;27;31;32
23;25;22;27;26
23;25;22;27;28;20
0
0
0
0
0
16;34;31
31;34
28
34
18
2
27;24
31;13;34
31
31
35
35
18;34
14;3
14;3
6;34;31
6;34;31
0
0
0
0
0
0
0
0
0
2;16;5;28;12;4;27;35;29
17;6;9;33;28;29;25;15;6;10;23
10;13;15;12;25;23
23;25
20;14;32;31;34;7;19
31;34
16
31
19
15
30;29;6
9;21
21
18;32
7
21;13
18
28;21;13;22;20
33;10;32;6;35
22
6;34;10;29
11
18
32;18
7;9;21;28;13;22
5;14
15
1
0
0
0
